13.663
13.931
13.912
13.696
13.814
13.725
14.078
13.961
13.803
13.844
13.783
13.763
14.05
13.902
13.608
14.024
13.898
13.762
13.741
13.919
13.635
13.844
13.718
13.711
13.894
13.584
13.529
14.232
13.518
13.804
13.642
14.25
13.489
13.634
13.473
13.897
13.724
13.993
13.774
14.002
13.646
13.714
14.264
13.598
13.868
13.72
13.719
13.671
13.728
13.652
13.879
13.93
14.302
13.713
13.714
13.576
13.974
14.156
13.638
13.785
13.546
13.686
13.736
13.786
13.869
13.726
13.749
13.897
13.558
13.878
13.803
13.672
13.689
13.726
13.784
13.89
13.814
13.958
13.907
